NATURAL CONVECTION

scale = 2
b = 5
c = 1
n_fins = 5

f_h = np.arange(30, 91, 4)
T = [829.0733184463691, 772.6001929042189, 726.84699811333, 689.1402854110444, 657.631827618973, 630.9992993708828, 608.2727564466471, 588.7206072540902, 571.7827778667618, 557.0200107212866, 544.0852177317071, 532.698349121246, 522.6319928253907, 513.6999762346502, 505.74686702778934, 498.64271532381656, 483.9207956562841]
