NATURAL CONVECTION

scale = 2
b = 5
n_fins = 5
f_h = 30

c = np.arange(1, 14, 1)
T = [829.0733184463691, 1057.626785432548, 1081.4115042115316, 1059.9131164171984, 1022.3872391200506, 978.8459147258634, 934.7860675230824, 892.8244913481773, 853.8783633639932, 818.0825412596047, 785.2614432192734, 755.1303124419409, 727.3807038323757, 701.7134728917275]