scale = 2
n_fins = 10
c = 1
f_h = 30

b = np.arange(2, 16, 1)
b.add(20)


T = [487.1788136784492, 503.00173965355526, 513.1470597601289, 520.8836390007474, 528.2876069996523, 534.3747679016699, 538.946949406131, 542.8413412635967, 546.6035740405358, 550.4357925775548, 554.4004701346541, 558.5198263900976, 562.8021466685893, 567.2525680604813, 571.869183116892, 591.139915925973]