NATURAL CONVECTION

scale = 2
b = 5
c = 1
f_h = 30

n_fins = np.arange(5, 50, 5)
T = [829.0733184463691, 520.8836390007474, 416.1328004473563, 367.1832589561078, 342.0375663688988, 327.07507529754326, 319.34101137145444, 314.72584698107545, 313.2309771727427, 311.99335665347746]